1.0
0.997843249455
0.994879655842
0.991925971212
0.988548655237
0.984055703694
0.979138067549
0.973696194028
0.967042041952
0.959873490499
0.952166872802
0.943873933804
0.934862050437
0.924439476798
0.913404871061
0.902206460143
0.890465002061
0.877952232908
0.864358219873
0.850308958526
0.836376351103
0.821413214745
0.805868046336
0.790485796483
0.77466365094
0.758025509652
0.740525672589
0.723011548107
0.706057050886
0.688707165119
0.670755287324
0.652482909104
0.633911789087
0.615576668909
0.597079396235
0.578467474374
0.560271054182
0.542097491135
0.523725577826
0.504933239859
0.486642610224
0.469040232522
0.451120923602
0.433180846235
0.415349516936
0.397989216004
0.381394045653
0.364933918295
0.348578524009
0.332418589944
0.316638084644
0.300950064523
0.285828688686
0.271546896116
0.257578502047
0.244002268912
0.230466855521
0.217433204747
0.205025904638
0.193125193537
0.181629246188
0.170415109874
0.159614602856
0.149329924655
0.139578582483
0.130328936227
0.121398748545
0.112888237856
0.104875885523
0.097161469357
0.0898311113779
0.0830282308698
0.0766537028068
0.0705154742883
0.0646432763113
0.0591828419303
0.0541495036573
0.0494563458449
0.0450269846554
0.0409218047544
0.0371594381639
0.0336281854542
0.0303385675857
0.0273207286327
0.024549065634
0.0220273070088
0.0197054066726
0.017568286604
0.0156295133375
0.0139037978701
0.0123573013077
0.0109254452605
0.00964595878818
0.00852353383306
0.00751960844218
0.00662935616445
0.00585049384165
0.00517142259854
0.00458494805407
0.00406345854828
0.00361801819433
0.00324064976907
0.00292410798982
0.00266065717161
0.00244756824757
0.00228634823258
0.00215826968152
0.00206367350204
0.00199530763399
0.00195308822197
0.0019321539199
0.00192098472719
0.0019276807681
0.00194121878581
0.00196548934714
0.00199491021086
0.0020270718624
0.00206286908572
0.0020991167258
0.00213664886892
0.00217041671188
0.0022024851746
0.00223495515642
0.00226573614801
0.00229388773847
0.00231182188737
0.00232955918608
0.00234510258598
0.00235013054285
0.00235320195241
0.00234086274657
0.00234035110162
0.00232611089511
0.00230325926326
0.00228369414088
0.0022557072497
0.00223191846464
0.00219923328003
0.00215484958049
0.0021253390628
0.00208084236532
0.00204564403394
0.00200232606771
0.00194969931982
0.00191719628673
0.00186646559324
0.00182501866593
0.00177670978286
0.00173702154254
0.00169887961984
0.0016511265311
0.00160614993002
0.00156468718236
0.00152270058883
0.00149084331857
0.00143811984475
0.00140423670735
0.00136958585194
0.00133746300759
0.00130184833443
0.00126385303856
0.00123987671596
0.00120700030549
0.00118192282304
0.00115530259075
0.0011371945468
0.00112150066682
0.00110097002604
0.00108272996362
0.00106072007518
0.00104756576921
0.00103830384431
0.00101171238842
0.000994734512055
0.000981805432024
0.000963260665273
0.000950571317789
0.000928588641127
0.000920168393284
0.000909166935976
0.000893727071627
0.000888786016671
0.000872588781833
0.000869408819496
0.000858233760316
0.000843429070976
0.00083671521312
0.000821785176978
0.00081581407336
0.000800160492175
0.000785672625425
0.000780838078972
0.000761201008213
0.00075380022213
0.000738857947049
0.000725590407697
0.00071810333759
0.00069665848012
0.000691189855373
0.000674270174719
0.000659167847592
0.000648749150081
0.000623326352488
0.000612425191419
0.000592664932732
0.00057363732027
0.000557831416392
0.000535109222386
0.00052044337348
0.000499613801958
0.000478963290949
0.000461882397243
0.000440988483032
0.000422585818203
0.00040433239459
0.000384805545209
0.000366557574078
0.000344928676547
0.000325356555711
0.000310631088022
0.000293758232697
0.000277972096539
0.000264521204311
0.000251897593852
0.000241684255127
0.000232209288548
0.00022431749656
0.000214835619805
0.000206316044547
0.000198476106289
0.00019308791862
